# Camera parameter file. 

# The format of each camera is as follows:
# Filename (of the undistorted image in visualize folder)
# Original filename
# Focal Length (of the undistorted image)
# 2-vec Principal Point (image center)
# 3-vec Translation T (as in P = K[R T])
# 3-vec Camera Position C (as in P = K[R -RC])
# 3-vec Axis Angle format of R
# 4-vec Quaternion format of R
# 3x3 Matrix format of R
# [Normalized radial distortion] = [radial distortion] * [focal length]^2
# 3-vec Lat/Lng/Alt from EXIF

# The nubmer of cameras in this reconstruction
11

00001.jpg
E:\banal\marc\egliseLeotoing\chap1\20140401-_MG_9037.jpg
3829.55615234
640 426.5
-0.576652491117 -0.909134779633 9.87143871019
4.6119342896 3.2250960671 -8.18127086247
-0.103481884289 0.539265824848 -0.491868158394
0.932834346934 -0.0505772657219 0.263568750274 -0.240402914173
0.74547593334 0.421850947609 0.516049820491
-0.475173434166 0.879296937186 -0.0323649399572
-0.467414111645 -0.221085782515 0.855946804756
0.36007400032
0 0 0

00002.jpg
E:\banal\marc\egliseLeotoing\chap1\20140401-_MG_9045.jpg
3964.28320313
640 426.5
0.339450137314 -1.71112700824 9.96791075342
2.27500373664 4.04547170328 -8.99227214847
-0.183074832885 0.42269512815 -0.520761462626
0.940183477221 -0.0897048825831 0.207116490244 -0.255168037695
0.783983819481 0.442650853084 0.435234576096
-0.51696823874 0.85368456379 0.0629790840283
-0.343675431852 -0.274377109694 0.898111500088
0.296272301516
0 0 0

00003.jpg
E:\banal\marc\egliseLeotoing\chap1\20140401-_MG_9065.jpg
3306.5324707
640 426.5
-0.568312033689 0.641846565658 15.475691424
10.1178337842 0.0060302985477 -11.7414400385
0.116443418884 0.655887417205 -0.411571858521
0.924331627758 0.056745650798 0.319629556538 -0.200568767096
0.715218164798 0.407059280122 0.568124620515
-0.334508939747 0.91310398204 -0.233119020107
-0.613650212584 -0.0233118210257 0.78923368546
-0.0077323658199
0 0 0

00004.jpg
E:\banal\marc\egliseLeotoing\chap1\20140401-_MG_9066.jpg
3204.40307617
640 426.5
-0.848076125763 0.871684409623 17.4658772387
11.299191254 0 -13.3740174976
0.108498642201 0.632923288499 -0.41194950406
0.928119672865 0.0529431636759 0.308842217538 -0.201015511137
0.728418300226 0.405835085192 0.552000291816
-0.340430716556 0.913579423815 -0.222439320573
-0.594569859819 -0.0258889535672 0.803626784598
0.0530725077791
0 0 0

00005.jpg
E:\banal\marc\egliseLeotoing\chap1\20140401-_MG_9047.jpg
4043.06054688
640 426.5
2.79033581086 1.84974909348 8.97951269034
-0.67784440385 -5.35085678642 -7.92136672914
0.354279168995 0.136071163083 -0.257065355282
0.973850764439 0.175592854364 0.0674415150916 -0.127410368552
0.958436189793 0.271841835937 0.0866111233027
-0.224472903311 0.905867360406 -0.359187980498
-0.176100760805 0.32481696131 0.929237695398
0.0678959435651
0 0 0

00006.jpg
E:\banal\marc\egliseLeotoing\chap1\20140401-_MG_9034.jpg
4043.98779297
640 426.5
3.11481282682 -0.450325852419 12.8049743018
-3.23188183866 -0.00918486170544 -12.78386006
-0.03197530614 -0.00438926470347 -0.272810581735
0.990581409767 -0.0159374277645 -0.00218773790139 -0.13597677285
0.963011029748 0.269461797963 -5.55111512313e-017
-0.269322455417 0.962512684075 0.0321696226465
0.00866852997822 -0.0309796560056 0.999482403684
0.0815682016921
0 0 0

00007.jpg
E:\banal\marc\egliseLeotoing\chap1\20140401-_MG_9044.jpg
4108.22314453
640 426.5
4.43295409815 -0.949862802229 11.984685603
-6.88489766552 1.57925542356 -10.690655272
-0.135114730014 -0.196899209926 -0.160249114446
0.989679682575 -0.0673248002297 -0.0981106943137 -0.0798487301567
0.967997050507 0.171259933203 -0.183444635232
-0.144838730459 0.978183086341 0.148928006639
0.20494800799 -0.117591941044 0.971683359559
0.0707822647554
0 0 0

00008.jpg
E:\banal\marc\egliseLeotoing\chap1\20140401-_MG_9069.jpg
4131.13818359
640 426.5
4.9241007533 1.67091856078 10.1095515271
-5.83983227677 -6.37288037902 -7.38407166794
0.380422434177 -0.211702928514 -0.237409332611
0.969419346778 0.188268307366 -0.104770246008 -0.11749215921
0.950437669836 0.188348475256 -0.247372752132
-0.267248213677 0.901501257334 -0.340402488308
0.158892461656 0.389641269875 0.907156552458
0.00447344613158
0 0 0

00009.jpg
E:\banal\marc\egliseLeotoing\chap1\20140401-_MG_9039.jpg
4109.14794922
640 426.5
6.74370072109 1.29766094071 15.9407222501
-15.502825549 -0.881976331333 -7.75581129463
0.0268258151265 -0.702400812993 0.0643803468842
0.938364810607 0.0131361892762 -0.343954880168 0.031526066155
0.761402230581 -0.0682023618363 -0.644682054962
0.0501294425505 0.997666940634 -0.0463401798413
0.646338568984 0.00296597120772 0.763044899928
0.0717959282267
0 0 0

00010.jpg
E:\banal\marc\egliseLeotoing\chap1\20140401-_MG_9042.jpg
3991.55175781
640 426.5
7.16963484283 1.35181324762 17.8009710603
-17.7476901492 6.66133814775e-016 -7.42462917192
0.026220988765 -0.786791804647 0.129232707832
0.921495472655 0.0127655867252 -0.383046539812 0.062916442791
0.698633736502 -0.125734059368 -0.704344973907
0.106174809382 0.99175706943 -0.0717267298613
0.707557635103 -0.0246730083691 0.706224818564
-0.0275720853047
0 0 0

00011.jpg
E:\banal\marc\egliseLeotoing\chap1\20140401-_MG_9040.jpg
3990.60644531
640 426.5
7.18217030559 2.76432136688 23.3474100608
-24.5824697584 2.22044604925e-015 0.169794162918
0.140795320591 -1.25721985004 0.25195340777
0.799122397106 0.0656175439619 -0.585926282445 0.117422679541
0.285804580941 -0.264564256333 -0.921043663118
0.110776116266 0.963812479681 -0.2424749951
0.951863598303 -0.032729199008 0.304769361606
-0.0694988178525
0 0 0

